23,35
145,3
145,2
145,1
145,0
144,3
144,2
144,1
144,0
143,3
143,2
143,1
143,0
142,3
142,2
142,1
142,0
141,3
141,2
141,1
141,0
140,3
140,2
140,1
140,0
139,4
139,3
139,2
139,1
139,0
138,3
138,2
138,1
138,0
137,4
137,3
137,2
137,1
137,0
136,3
136,2
136,1
136,0
135,4
135,3
135,2
135,1
135,0
134,4
134,3
134,2
134,1
134,0
133,4
133,3
133,2
133,1
133,0
132,3
132,2
132,1
132,0
131,4
131,3
131,2
131,1
131,0
130,3
130,2
130,1
130,0
129,3
129,2
129,1
129,0
128,3
128,2
128,1
128,0
127,5
127,4
127,3
127,2
127,1
127,0
126,4
126,3
126,2
126,1
126,0
125,3
125,2
125,1
125,0
124,3
124,2
124,1
124,0
123,6
123,5
123,4
123,3
123,2
123,1
123,0
122,4
122,3
122,2
122,1
122,0
121,5
121,4
121,3
121,2
121,1
121,0
120,4
120,3
120,2
120,1
120,0
119,3
119,2
119,1
119,0
118,3
118,2
118,1
118,0
117,4
117,3
117,2
117,1
117,0
116,4
116,3
116,2
116,1
116,0
115,3
115,2
115,1
115,0
114,4
114,3
114,2
114,1
114,0
113,4
113,3
113,2
113,1
113,0
112,3
112,2
112,1
112,0
111,3
111,2
111,1
111,0
110,4
110,3
110,2
110,1
110,0
109,5
109,4
109,3
109,2
109,1
109,0
108,4
108,3
108,2
108,1
108,0
107,4
107,3
107,2
107,1
107,0
106,4
106,3
106,2
106,1
106,0
105,3
105,2
105,1
105,0
104,5
104,4
104,3
104,2
104,1
104,0
103,5
103,4
103,3
103,2
103,1
103,0
102,4
102,3
102,2
102,1
102,0
101,4
101,3
101,2
101,1
101,0
100,6
100,5
100,4
100,3
100,2
100,1
100,0
99,3
99,2
99,1
99,0
98,3
98,2
98,1
98,0
97,5
97,4
97,3
97,2
97,1
97,0
96,3
96,2
96,1
96,0
95,4
95,3
95,2
95,1
95,0
94,4
94,3
94,2
94,1
94,0
93,3
93,2
93,1
93,0
92,4
92,3
92,2
92,1
92,0
91,3
91,2
91,1
91,0
90,4
90,3
90,2
90,1
90,0
89,4
89,3
89,2
89,1
89,0
88,5
88,4
88,3
88,2
88,1
88,0
87,4
